,Q1,Q2,Q3,S1,S2,S3,S4
Q1,1.0,0.12205977985582926,0.10161247780374834,0.3614444298659197,0.07275818101161982,-0.11911987546652736,0.01898235753215368
Q2,0.12205977985582926,1.0,0.3401292217410809,0.05192744263883167,0.002527018144575538,-0.05248958625179425,-0.02418360655264954
Q3,0.10161247780374834,0.3401292217410809,1.0,0.06624698007546001,0.001903446779540737,-0.026854834760353438,0.007310574388441877
S1,0.3614444298659197,0.05192744263883167,0.06624698007546001,1.0,0.3816084277893237,0.11804531301889204,0.10653252046740302
S2,0.07275818101161982,0.002527018144575538,0.001903446779540737,0.3816084277893237,1.0,0.39402250407091083,0.47828240771476843
S3,-0.11911987546652736,-0.05248958625179425,-0.026854834760353438,0.11804531301889204,0.39402250407091083,1.0,0.08632658492237372
S4,0.01898235753215368,-0.02418360655264954,0.007310574388441877,0.10653252046740302,0.47828240771476843,0.08632658492237372,1.0
